0.000000000000000000e+00 1.150179168350408432e+01
2.004008016032064049e-02 1.252228625616313273e+01
4.008016032064128098e-02 1.288020968992082693e+01
6.012024048096192147e-02 1.390101289967111242e+01
8.016032064128256196e-02 1.258280980425432638e+01
1.002004008016031955e-01 1.233465337284828856e+01
1.202404809619238429e-01 1.441418495396532684e+01
1.402805611222444904e-01 1.209900810225364687e+01
1.603206412825651239e-01 1.217998489695503750e+01
1.803607214428857575e-01 1.074234178893306257e+01
2.004008016032063910e-01 1.161875733706243352e+01
2.204408817635270523e-01 8.125670716598724752e+00
2.404809619238476859e-01 8.877693847524792403e+00
2.605210420841683194e-01 6.809001746062108396e+00
2.805611222444889807e-01 4.425410914572088572e+00
3.006012024048095865e-01 3.578180271866969075e+00
3.206412825651302478e-01 2.537727506109145992e+00
3.406813627254509091e-01 1.456933122715203366e+00
3.607214428857715149e-01 8.733622896952539794e-01
3.807615230460921762e-01 3.622367462866682430e+00
4.008016032064127820e-01 2.868221326017539319e-02
4.208416833667334433e-01 2.751390657557052144e+00
4.408817635270541047e-01 -1.444088363987634516e-01
4.609218436873747105e-01 3.758241742268153551e-01
4.809619238476953718e-01 1.112827094757860236e+00
5.010020040080159776e-01 2.846802628050219219e+00
5.210420841683366389e-01 1.509920230644399286e+00
5.410821643286573002e-01 1.427303961356016782e+00
5.611222444889779615e-01 2.577172994809184381e+00
5.811623246492986228e-01 1.037055444667969617e+00
6.012024048096191731e-01 1.431221751405127529e+00
6.212424849699398344e-01 1.415599936515388846e+00
6.412825651302604957e-01 3.394532952853035468e-02
6.613226452905811570e-01 1.569860577779607302e+00
6.813627254509018183e-01 -2.921976560893253527e-01
7.014028056112223686e-01 6.005870893519360543e-01
7.214428857715430299e-01 -5.537362301482595672e-01
7.414829659318636912e-01 -8.383968539665076491e-02
7.615230460921843525e-01 -8.256397253731979635e-01
7.815631262525050138e-01 -1.591055066804387241e+00
8.016032064128255641e-01 -4.902740508018723631e-01
8.216432865731462254e-01 -1.624431450348235551e+00
8.416833667334668867e-01 -2.470290200749570175e+00
8.617234468937875480e-01 -2.008670988743951114e+00
8.817635270541082093e-01 -1.568384886604484940e+00
9.018036072144288706e-01 -1.898450151798857455e+00
9.218436873747494209e-01 -1.201630342338473323e-01
9.418837675350700822e-01 -3.558255147992857026e-01
9.619238476953907435e-01 1.230153584299133351e+00
9.819639278557114048e-01 1.378397733088904342e+00
1.002004008016031955e+00 1.987494077155005368e-01
1.022044088176352616e+00 6.597801552143608417e-01
1.042084168336673278e+00 2.220138971953202756e+00
1.062124248496993939e+00 4.997782477437651139e+00
1.082164328657314600e+00 2.928516555533492216e+00
1.102204408817635262e+00 2.035853855369597731e+00
1.122244488977955923e+00 2.436849183257498552e+00
1.142284569138276584e+00 3.170435725727524190e+00
1.162324649298597246e+00 3.189729247654971900e+00
1.182364729458917685e+00 2.486621684759409590e+00
1.202404809619238346e+00 2.799835015086493684e+00
1.222444889779559007e+00 4.041409985057309306e-02
1.242484969939879669e+00 2.175493128622357997e+00
1.262525050100200330e+00 -4.942722978224982633e-01
1.282565130260520991e+00 -9.128690563473851327e-02
1.302605210420841653e+00 -3.007220756293227382e-01
1.322645290581162314e+00 -2.410887698478806129e+00
1.342685370741482975e+00 -9.133943077012545153e-01
1.362725450901803637e+00 -3.905159607585504844e+00
1.382765531062124298e+00 -9.851293162559495720e-01
1.402805611222444737e+00 -2.949362825416339984e+00
1.422845691382765398e+00 -3.392908795965143831e+00
1.442885771543086060e+00 8.764872143807225235e-01
1.462925851703406721e+00 -2.209775579586931382e+00
1.482965931863727382e+00 1.822994003793671158e+00
1.503006012024048044e+00 -6.326843099983213703e-01
1.523046092184368705e+00 -8.957641202691823956e-03
1.543086172344689366e+00 3.468541005256762233e+00
1.563126252505010028e+00 2.762668927483081571e+00
1.583166332665330689e+00 2.676518070343925526e+00
1.603206412825651128e+00 5.159388392807869650e+00
1.623246492985971789e+00 4.962317381038152675e+00
1.643286573146292451e+00 7.846273339284856263e+00
1.663326653306613112e+00 7.464085259759364988e+00
1.683366733466933773e+00 5.547541161325456827e+00
1.703406813627254435e+00 7.789072111505976892e+00
1.723446893787575096e+00 7.055233422467276583e+00
1.743486973947895757e+00 7.794032927076068873e+00
1.763527054108216419e+00 8.190991507056903487e+00
1.783567134268537080e+00 9.510320154303553153e+00
1.803607214428857741e+00 7.947595161922690110e+00
1.823647294589178181e+00 8.150484179717761180e+00
1.843687374749498842e+00 7.173139953896235710e+00
1.863727454909819503e+00 8.722663905664278516e+00
1.883767535070140164e+00 9.857404422388588827e+00
1.903807615230460826e+00 1.135025773661016935e+01
1.923847695390781487e+00 8.340260527789896017e+00
1.943887775551102148e+00 8.635115833505247807e+00
1.963927855711422810e+00 1.091224065906442320e+01
1.983967935871743471e+00 1.024003897487935610e+01
2.004008016032063910e+00 1.157415535043928756e+01
2.024048096192384794e+00 1.216721431309443879e+01
2.044088176352705233e+00 1.145402905660597526e+01
2.064128256513026116e+00 1.207494461649509354e+01
2.084168336673346555e+00 1.378039620654424624e+01
2.104208416833667439e+00 1.355381093228672817e+01
2.124248496993987878e+00 1.431595380367037507e+01
2.144288577154308317e+00 1.352448060981973832e+01
2.164328657314629201e+00 1.342123593953008509e+01
2.184368737474949640e+00 8.913339967606948022e+00
2.204408817635270523e+00 1.060242951045502480e+01
2.224448897795590963e+00 8.278580016679084608e+00
2.244488977955911846e+00 7.735573287092152306e+00
2.264529058116232285e+00 8.560284479842838579e+00
2.284569138276553169e+00 6.070881370317129822e+00
2.304609218436873608e+00 4.968029819214594411e+00
2.324649298597194491e+00 4.114218466597204582e+00
2.344689378757514930e+00 4.703874341765030387e+00
2.364729458917835370e+00 1.610119189217387614e+00
2.384769539078156253e+00 2.342618857398768739e+00
2.404809619238476692e+00 -9.110492424497729225e-02
2.424849699398797576e+00 -6.217937660864136795e-01
2.444889779559118015e+00 2.191076800414748504e+00
2.464929859719438898e+00 5.925701027364111972e-01
2.484969939879759337e+00 1.495103932581769213e+00
2.505010020040080221e+00 2.007756700962284313e+00
2.525050100200400660e+00 8.895890951374384459e-01
2.545090180360721543e+00 1.259348035429442625e+00
2.565130260521041983e+00 1.507824378486050998e+00
2.585170340681362422e+00 3.024743719033116118e-01
2.605210420841683305e+00 3.721231106279255130e+00
2.625250501002003745e+00 5.459088918484538144e-01
2.645290581162324628e+00 1.867215210503454736e+00
2.665330661322645067e+00 7.279938697769918754e-01
2.685370741482965951e+00 4.986048621281993221e-01
2.705410821643286390e+00 -3.949454627228150549e-01
2.725450901803607273e+00 1.183957247228257348e+00
2.745490981963927712e+00 1.453023792617422316e+00
2.765531062124248596e+00 5.932059419908055631e-01
2.785571142284569035e+00 -1.661379059786437740e+00
2.805611222444889474e+00 -8.985952173207492066e-01
2.825651302605210358e+00 -1.953013991931046522e+00
2.845691382765530797e+00 8.724114029978049523e-01
2.865731462925851680e+00 5.833285235353189435e-01
2.885771543086172120e+00 9.721767890148216296e-01
2.905811623246493003e+00 8.268445793737426719e-01
2.925851703406813442e+00 1.092582437860994515e+00
2.945891783567134325e+00 1.076408722452646849e+00
2.965931863727454765e+00 1.275833509772024144e+00
2.985971943887775648e+00 2.967502116942247969e+00
3.006012024048096087e+00 5.996883416549322332e-01
3.026052104208416527e+00 4.586750126920444259e+00
3.046092184368737410e+00 3.436062630586384614e+00
3.066132264529057849e+00 5.271118477858069973e+00
3.086172344689378733e+00 2.972795200082136713e+00
3.106212424849699172e+00 2.393964541246401012e+00
3.126252505010020055e+00 2.951636283034360098e+00
3.146292585170340494e+00 3.538622686842482601e+00
3.166332665330661378e+00 2.086233874523241383e+00
3.186372745490981817e+00 2.071870261856341600e+00
3.206412825651302256e+00 3.850259269167182197e+00
3.226452905811623140e+00 1.528326233226733333e+00
3.246492985971943579e+00 1.277536771659096404e+00
3.266533066132264462e+00 -1.460087866937005874e+00
3.286573146292584902e+00 -2.606919390743303921e+00
3.306613226452905785e+00 -3.022054500812657807e+00
3.326653306613226224e+00 -2.975104361020638688e+00
3.346693386773547108e+00 -3.832268386488085987e+00
3.366733466933867547e+00 -1.975718622837587812e+00
3.386773547094188430e+00 -2.284868994533729936e+00
3.406813627254508869e+00 -2.367839044124539161e+00
3.426853707414829309e+00 3.236650778338363565e-01
3.446893787575150192e+00 -8.185557010084685281e-01
3.466933867735470631e+00 -1.710255798913925762e+00
3.486973947895791515e+00 2.034432962648249799e+00
3.507014028056111954e+00 1.431384008751916292e+00
3.527054108216432837e+00 2.350017919512931819e+00
3.547094188376753277e+00 1.664803513252341771e+00
3.567134268537074160e+00 2.025601906382893613e+00
3.587174348697394599e+00 3.204557882280504089e+00
3.607214428857715482e+00 4.547308116982199167e+00
3.627254509018035922e+00 4.489623799233873669e+00
3.647294589178356361e+00 6.655973442760457104e+00
3.667334669338677244e+00 8.074718071705191846e+00
3.687374749498997684e+00 6.106476385682004349e+00
3.707414829659318567e+00 6.613031228648480919e+00
3.727454909819639006e+00 8.581322039748386032e+00
3.747494989979959890e+00 9.373934333752796277e+00
3.767535070140280329e+00 8.004101152929431251e+00
3.787575150300601212e+00 9.534848203209079998e+00
3.807615230460921651e+00 8.202612834698960853e+00
3.827655310621242535e+00 8.776585056311905220e+00
3.847695390781562974e+00 9.181667532453587910e+00
3.867735470941883413e+00 8.680729265637760150e+00
3.887775551102204297e+00 9.328813604004913884e+00
3.907815631262524736e+00 8.774412557988002348e+00
3.927855711422845619e+00 1.190795082563917262e+01
3.947895791583166059e+00 1.234839460999961958e+01
3.967935871743486942e+00 1.118292964981034210e+01
3.987975951903807381e+00 1.046750881105428377e+01
4.008016032064127820e+00 1.160161239926603116e+01
4.028056112224448704e+00 1.438746922617956159e+01
4.048096192384769587e+00 1.168232323476028256e+01
4.068136272545089582e+00 1.320489108917074716e+01
4.088176352705410466e+00 1.268537297738093095e+01
4.108216432865731349e+00 1.271419133507441401e+01
4.128256513026052232e+00 1.312068940668265959e+01
4.148296593186372228e+00 1.312742958488303557e+01
4.168336673346693111e+00 1.106648865908145574e+01
4.188376753507013994e+00 1.035480286565740826e+01
4.208416833667334878e+00 1.169021016099425658e+01
4.228456913827654873e+00 9.071873905047150188e+00
4.248496993987975756e+00 6.996233660786417730e+00
4.268537074148296639e+00 5.775783195429045946e+00
4.288577154308616635e+00 6.803851631918075071e+00
4.308617234468937518e+00 5.990537962601932165e+00
4.328657314629258401e+00 1.862610152260445684e+00
4.348697394789579285e+00 3.237707573131670458e+00
4.368737474949899280e+00 3.439223949632329358e+00
4.388777555110220163e+00 -5.053027013965070147e-01
4.408817635270541047e+00 -4.307434708223212283e-01
4.428857715430861930e+00 -8.554361630860927157e-01
4.448897795591181925e+00 1.396075911675528580e+00
4.468937875751502808e+00 2.510934787900452214e+00
4.488977955911823692e+00 -1.805930498596890477e-01
4.509018036072143687e+00 1.310070203384339216e-01
4.529058116232464570e+00 2.757653085536303728e+00
4.549098196392785454e+00 3.040833148839297007e-01
4.569138276553106337e+00 -2.213920982267691961e-02
4.589178356713426332e+00 1.572114039500800642e+00
4.609218436873747216e+00 3.903267093036544289e+00
4.629258517034068099e+00 1.801409136520301324e+00
4.649298597194388982e+00 1.388254744019338904e+00
4.669338677354708977e+00 1.155824730518602683e+00
4.689378757515029861e+00 1.848648131422146124e+00
4.709418837675350744e+00 1.860893218110847513e+00
4.729458917835670739e+00 1.927336527959288670e+00
4.749498997995991623e+00 2.409437218488772459e+00
4.769539078156312506e+00 -7.114419999896188784e-01
4.789579158316633389e+00 -1.374109200866246550e+00
4.809619238476953385e+00 -1.486366371214958626e+00
4.829659318637274268e+00 -8.680171711249178301e-01
4.849699398797595151e+00 1.039553025484317939e+00
4.869739478957916035e+00 8.587403549584964324e-01
4.889779559118236030e+00 -1.875679032599912865e+00
4.909819639278556913e+00 1.643759612885017596e+00
4.929859719438877796e+00 -3.697566140801473722e-01
4.949899799599197792e+00 2.570116904529445190e+00
4.969939879759518675e+00 2.940757728973456331e+00
4.989979959919839558e+00 2.683892512338787562e+00
5.010020040080160442e+00 2.287344323087038944e+00
5.030060120240480437e+00 3.735380312585000695e+00
5.050100200400801320e+00 1.770483787253854580e+00
5.070140280561122204e+00 4.938611356575096423e+00
5.090180360721443087e+00 3.582895030279385828e+00
5.110220440881763082e+00 4.228908047757498068e+00
5.130260521042083965e+00 4.291010331472669748e+00
5.150300601202404849e+00 4.850795698377385889e+00
5.170340681362724844e+00 1.285101502710458421e+00
5.190380761523045727e+00 1.209069761461592618e+00
5.210420841683366611e+00 3.080913221959626025e+00
5.230460921843687494e+00 3.010725383758699358e+00
5.250501002004007489e+00 3.075807864693458349e-01
5.270541082164328373e+00 -3.792968639569140876e-01
5.290581162324649256e+00 6.495595439525452264e-01
5.310621242484970139e+00 -3.274271912159227860e+00
5.330661322645290134e+00 1.367781839065536076e-01
5.350701402805611018e+00 -6.781441699480690311e-01
5.370741482965931901e+00 -2.343758561007095231e+00
5.390781563126251896e+00 -3.482974444628717858e+00
5.410821643286572780e+00 -1.520655280894695593e+00
5.430861723446893663e+00 3.522435010549900269e-01
5.450901803607214546e+00 -5.034272467844966847e-01
5.470941883767534542e+00 8.325172572253429770e-01
5.490981963927855425e+00 1.372988738698961209e+00
5.511022044088176308e+00 2.751440716790845897e+00
5.531062124248497192e+00 3.731120982299794164e+00
5.551102204408817187e+00 3.483021638841434786e+00
5.571142284569138070e+00 3.026279976002538952e+00
5.591182364729458953e+00 5.059022590945440712e+00
5.611222444889778949e+00 6.723588047481504404e+00
5.631262525050099832e+00 5.817143905754740274e+00
5.651302605210420715e+00 7.093642514670297494e+00
5.671342685370741599e+00 5.920185342789551441e+00
5.691382765531061594e+00 7.644578201479022894e+00
5.711422845691382477e+00 7.224864258991615884e+00
5.731462925851703361e+00 8.660259245341480394e+00
5.751503006012024244e+00 7.262682417701819659e+00
5.771543086172344239e+00 8.750094750768631968e+00
5.791583166332665122e+00 7.651420177600944506e+00
5.811623246492986006e+00 8.713094731460120812e+00
5.831663326653306001e+00 7.172232831837452416e+00
5.851703406813626884e+00 9.138205236891877803e+00
5.871743486973947768e+00 1.047286330766773688e+01
5.891783567134268651e+00 7.507934120001102052e+00
5.911823647294588646e+00 7.971210918144866930e+00
5.931863727454909530e+00 9.888329535830012063e+00
5.951903807615230413e+00 1.195917165747940203e+01
5.971943887775551296e+00 1.057883677094826780e+01
5.991983967935871291e+00 1.371950314821889805e+01
6.012024048096192175e+00 1.182357606737630817e+01
6.032064128256513058e+00 1.411779026435593920e+01
6.052104208416833053e+00 1.497750256850609318e+01
6.072144288577153937e+00 1.351210681827199522e+01
6.092184368737474820e+00 1.117268695733986661e+01
6.112224448897795703e+00 1.193492873729745263e+01
6.132264529058115698e+00 1.233972618871892557e+01
6.152304609218436582e+00 1.085759234660540784e+01
6.172344689378757465e+00 1.197781762906738123e+01
6.192384769539078349e+00 1.245658256196441371e+01
6.212424849699398344e+00 7.742304955853002824e+00
6.232464929859719227e+00 7.502163159557944105e+00
6.252505010020040110e+00 6.559619313951584374e+00
6.272545090180360106e+00 5.248762720647009772e+00
6.292585170340680989e+00 4.313723351534732409e+00
6.312625250501001872e+00 3.349879032139099877e+00
6.332665330661322756e+00 2.144140383058614319e+00
6.352705410821642751e+00 2.372469421205931184e+00
6.372745490981963634e+00 1.297297479523094044e+00
6.392785571142284518e+00 2.125907262943226961e+00
6.412825651302604513e+00 3.110665101418264022e-01
6.432865731462925396e+00 -9.626123394573065095e-01
6.452905811623246279e+00 -2.132606743959319928e-01
6.472945891783567163e+00 1.838061110165913892e-01
6.492985971943887158e+00 1.363553282005744993e+00
6.513026052104208041e+00 2.152243845703584846e+00
6.533066132264528925e+00 1.467098039744201499e+00
6.553106212424849808e+00 1.060785623545468015e+00
6.573146292585169803e+00 1.433395561610753655e+00
6.593186372745490686e+00 2.854318789337522144e-01
6.613226452905811570e+00 2.689058440163837105e+00
6.633266533066131565e+00 1.240761487986808076e+00
6.653306613226452448e+00 6.793866317228773877e-01
6.673346693386773332e+00 3.424264178490272315e+00
6.693386773547094215e+00 6.761097320381457276e-01
6.713426853707414210e+00 2.036197997999319220e+00
6.733466933867735094e+00 2.109850022586154505e+00
6.753507014028055977e+00 8.539267405034394187e-01
6.773547094188376860e+00 8.601109961013411187e-01
6.793587174348696855e+00 7.148807600100193227e-01
6.813627254509017739e+00 4.389158277161588906e-01
6.833667334669338622e+00 -2.527269408555559149e+00
6.853707414829658617e+00 -1.432885795115820482e+00
6.873747494989979501e+00 -2.461821724252692967e-01
6.893787575150300384e+00 -2.051319327063353182e+00
6.913827655310621267e+00 1.676988010445880306e+00
6.933867735470941263e+00 1.904426481072264643e+00
6.953907815631262146e+00 -1.587244727835663838e-01
6.973947895791583029e+00 -2.154677601725705216e-01
6.993987975951903913e+00 3.807072978666649288e+00
7.014028056112223908e+00 4.135166558175998652e+00
7.034068136272544791e+00 1.317962201985631854e+00
7.054108216432865675e+00 3.944252356251161551e+00
7.074148296593185670e+00 4.444620779694147927e+00
7.094188376753506553e+00 2.793456147242308063e+00
7.114228456913827436e+00 4.891550615656486301e+00
7.134268537074148320e+00 4.094609352287303494e+00
7.154308617234468315e+00 3.545480822002462951e+00
7.174348697394789198e+00 1.609572130530836365e+00
7.194388777555110082e+00 1.022254512655451419e+00
7.214428857715430965e+00 -9.439237430236935289e-02
7.234468937875750960e+00 2.545207946758112350e+00
7.254509018036071843e+00 -1.777212172807456358e-01
7.274549098196392727e+00 -1.190701671205490531e+00
7.294589178356712722e+00 -1.883783059263337556e+00
7.314629258517033605e+00 -9.261513662619385023e-01
7.334669338677354489e+00 5.117652816860829290e-03
7.354709418837675372e+00 -1.918060509124305923e+00
7.374749498997995367e+00 -3.504309923366339508e+00
7.394789579158316251e+00 -2.612880295629696814e+00
7.414829659318637134e+00 -1.109886727272629159e+00
7.434869739478958017e+00 -3.812923663305829436e-01
7.454909819639278012e+00 -3.387096487138130385e-02
7.474949899799598896e+00 1.326676266795080217e+00
7.494989979959919779e+00 7.305154295634397332e-01
7.515030060120239774e+00 1.000183783181956665e+00
7.535070140280560658e+00 4.168874625298338188e+00
7.555110220440881541e+00 3.610155777691249845e+00
7.575150300601202424e+00 4.562687826720985385e+00
7.595190380761522420e+00 5.507186153932464023e+00
7.615230460921843303e+00 5.446284950177080475e+00
7.635270541082164186e+00 4.403324828683714998e+00
7.655310621242485070e+00 8.369329885023367055e+00
7.675350701402805065e+00 7.931969961363757093e+00
7.695390781563125948e+00 8.495811816112601278e+00
7.715430861723446831e+00 5.584362866249641399e+00
7.735470941883766827e+00 6.406353982277361858e+00
7.755511022044087710e+00 6.134995638069058899e+00
7.775551102204408593e+00 6.115112762405855662e+00
7.795591182364729477e+00 9.588532147052651666e+00
7.815631262525049472e+00 8.690003140921284341e+00
7.835671342685370355e+00 8.492098904085063182e+00
7.855711422845691239e+00 6.783780254446535096e+00
7.875751503006012122e+00 7.625416473056511713e+00
7.895791583166332117e+00 7.543233571627828482e+00
7.915831663326653000e+00 8.030590577969549670e+00
7.935871743486973884e+00 9.996555271525862096e+00
7.955911823647293879e+00 1.078360502145661926e+01
7.975951903807614762e+00 1.096912325619902795e+01
7.995991983967935646e+00 1.313110443015598428e+01
8.016032064128255641e+00 1.329429387666449713e+01
8.036072144288576524e+00 1.313413202377472366e+01
8.056112224448897408e+00 1.255149282148802747e+01
8.076152304609218291e+00 1.506199522107426603e+01
8.096192384769539174e+00 1.210268372725608188e+01
8.116232464929860058e+00 1.206640710705257469e+01
8.136272545090179165e+00 1.282826961657968212e+01
8.156312625250500048e+00 1.293834577672403796e+01
8.176352705410820931e+00 1.115352329066216441e+01
8.196392785571141815e+00 1.126591034357775634e+01
8.216432865731462698e+00 8.145620066956922756e+00
8.236472945891783581e+00 7.945089660538771525e+00
8.256513026052104465e+00 7.870774938618724015e+00
8.276553106212425348e+00 4.395501781983901957e+00
8.296593186372744455e+00 3.907761512459260622e+00
8.316633266533065338e+00 4.225246044867539297e+00
8.336673346693386222e+00 2.789625150412722299e+00
8.356713426853707105e+00 3.947272034582163247e-01
8.376753507014027988e+00 2.557109500758449450e+00
8.396793587174348872e+00 2.892234923143945924e+00
8.416833667334669755e+00 -1.753830284661312966e-01
8.436873747494988862e+00 -8.371102829696033254e-01
8.456913827655309746e+00 -3.969472756693821491e-01
8.476953907815630629e+00 5.383329125943645543e-01
8.496993987975951512e+00 2.929509125719649276e+00
8.517034068136272396e+00 2.094555207764055016e+00
8.537074148296593279e+00 3.219617915337837477e+00
8.557114228456914162e+00 2.927016945383190905e+00
8.577154308617233269e+00 2.130700173107757500e+00
8.597194388777554153e+00 2.222293436513803844e+00
8.617234468937875036e+00 1.673832877814307674e+00
8.637274549098195919e+00 1.340499575391179254e+00
8.657314629258516803e+00 1.125632584859058705e+00
8.677354709418837686e+00 1.661835948689398545e-01
8.697394789579158569e+00 5.208657380876857701e-02
8.717434869739479453e+00 8.046881749650958149e-02
8.737474949899798560e+00 -3.982393688348244698e-01
8.757515030060119443e+00 7.044658333305755527e-01
8.777555110220440326e+00 -1.664997435498821510e+00
8.797595190380761210e+00 4.464547457063750002e-01
8.817635270541082093e+00 -2.329931088555749596e+00
8.837675350701402976e+00 -1.003424436209249038e+00
8.857715430861723860e+00 -1.932041407793218646e+00
8.877755511022042967e+00 7.092102907253243771e-01
8.897795591182363850e+00 6.993280125138734427e-01
8.917835671342684734e+00 -5.486922069454558404e-01
8.937875751503005617e+00 -7.639796152690470077e-01
8.957915831663326500e+00 -4.936456421001138573e-01
8.977955911823647384e+00 2.585269129672073785e+00
8.997995991983968267e+00 1.546720715514668720e+00
9.018036072144287374e+00 2.722181188707041066e+00
9.038076152304608257e+00 4.289538264477748442e+00
9.058116232464929141e+00 5.027591257351601506e+00
9.078156312625250024e+00 2.246441991086220558e+00
9.098196392785570907e+00 4.337360763284932474e+00
9.118236472945891791e+00 1.754919147435145987e+00
9.138276553106212674e+00 2.418950832402302797e+00
9.158316633266533557e+00 4.132059923824360936e+00
9.178356713426852664e+00 3.845556918873656027e+00
9.198396793587173548e+00 2.912978259479233500e+00
9.218436873747494431e+00 9.907931083527937721e-01
9.238476953907815314e+00 4.207110116704391167e-01
9.258517034068136198e+00 -1.306615167312943582e+00
9.278557114228457081e+00 -1.783597300817901132e+00
9.298597194388777964e+00 -1.889786472423155228e+00
9.318637274549097071e+00 -2.765008476671559912e-01
9.338677354709417955e+00 -3.227025835696837319e-01
9.358717434869738838e+00 -4.727630331120220575e-01
9.378757515030059722e+00 -9.269016256309825508e-02
9.398797595190380605e+00 -2.671667288086782222e+00
9.418837675350701488e+00 4.098057365065050917e-01
9.438877755511022372e+00 -1.519596725388056679e+00
9.458917835671341479e+00 -5.993082711671404716e-01
9.478957915831662362e+00 5.912295872362216542e-02
9.498997995991983245e+00 7.398858414508739934e-01
9.519038076152304129e+00 5.363172604545818345e-01
9.539078156312625012e+00 2.754954125462758530e+00
9.559118236472945895e+00 3.893557892447947477e+00
9.579158316633266779e+00 2.990186245844080659e+00
9.599198396793587662e+00 3.217336724847212448e+00
9.619238476953906769e+00 5.230667421788126603e+00
9.639278557114227652e+00 7.820850291912232244e+00
9.659318637274548536e+00 6.747454355939380477e+00
9.679358717434869419e+00 5.529223644436065399e+00
9.699398797595190302e+00 7.373211207779090337e+00
9.719438877755511186e+00 7.531658549639163702e+00
9.739478957915832069e+00 9.181467504394795753e+00
9.759519038076151176e+00 8.531833373499679851e+00
9.779559118236472059e+00 8.252381669101515271e+00
9.799599198396792943e+00 7.530644155584424126e+00
9.819639278557113826e+00 7.329137790641077288e+00
9.839679358717434710e+00 8.484808091264859797e+00
9.859719438877755593e+00 1.044777339498662094e+01
9.879759519038076476e+00 6.928569869815265569e+00
9.899799599198395583e+00 8.116892212447964994e+00
9.919839679358716467e+00 1.019450625122836307e+01
9.939879759519037350e+00 1.175810641329744577e+01
9.959919839679358233e+00 1.033290791872875403e+01
9.979959919839679117e+00 1.175790999544799043e+01
1.000000000000000000e+01 1.068745496726826438e+01
